010010100
000101000
010110111
010000001
101000011
010001000
000001000
110011011
101000101
101111111
101111111
101000010
010101000
010000100
101000001
010100000
110110100
001000000
011111101
010000001
101111111
101000010
010010000
101001010
010101000
010110100
000000101
110011011
101111111
101111111
101001101
010110000
000110000
010100111
010000010
101000001
010010000
110011011
101111111
101000001
010101000
110011011
010001000
110011011
101011111
101111111
101111111
101000010
010011000
110011011
101111111
101111111
101001110
010110000
000110000
010110111
000101000
110111100
011110011
000010000
100100111
111100000
010100000
010000001
101000001
010001000
010000101
101000001
010101000
110011011
101100010
101111111
101111111
101000010
010011000
110011011
101001010
011001011
010011111
110011011
101111111
101111111
101001110
010110000
000110000
010110111
110011011
010001000
010010000
000101000
110111100
010111000
100100011
111100000
010100000
010000101
101000001
010101000
110011011
101001001
010010000
010000111
011110010
110011011
101010101
101111111
101111111
101000010
010010000
110011011
011011010
010110111
110011011
101000111
010010000
001110000
110000110
010111000
110011011
011111010
000000001
110011011
101001000
010010000
110011011
011011010
000000000
110011011
101111111
101111111
101000010
010110000
000000001
010000001
101000001
010001000
000101000
110111100
010110000
100100011
111100000
010100000
010000101
101000001
010101000
110011011
101101011
101111111
101111111
101000010
010010000
110011011
101111111
101111111
101000010
011101010
110011011
101111111
101111111
101001110
010101000
000101000
110011011
101000101
101111111
101111111
101000010
010101000
110011011
101111101
010010000
010110111
000000001
010000001
101000001
010001000
010000010
011001101
000000000
