000001000
010000111
101111111
101000001
010010000
010000001
101000001
010001000
000001000
010000111
101111111
101111111
101000100
010110000
000110000
010011111
010000001
101000001
010001000
000001000
010100111
101000001
010001000
000101000
110011011
101001010
101111111
101111111
101000010
010101000
110111100
001000000
010110000
000000001
100011100
111100000
010100000
010000001
101000001
010001000
011010101
110011011
010010000
000010000
110111100
001000000
010110000
000000001
100011100
111100000
010100000
010000001
101000001
010001000
010000010
101000001
010010000
110011011
101111111
101111111
101001111
010101000
000101000
110011011
101011100
101111111
101111111
101000010
010101000
010000111
000010000
011111101
110011011
101111111
101111111
101001110
010101000
000101000
110011011
101001011
101111111
101111111
101000010
010101000
110011011
101111111
101111111
101000010
010010000
110111100
001000000
010110000
000000001
100011100
111100000
010100000
010000001
101000001
010001000
010000010
011001101
000000000
